17:28:16.178 <COM1: 19200 8N1> 01 10 09 70 01 F0 0D 02 2F 10 05 C8 00 58 02 5C 12 20 57 24 5E 03 2E 7E 04 
17:28:16.234 <COM1: 19200 8N1> 01 10 01 F0 09 70 31 02 2F 10 00 05 08 00 C8 00 16 AB F8 29 42 0C 00 58 02 17 00 00 00 00 00 00 00 00 08 00 5C 12 14 D3 00 00 00 06 00 20 57 12 0F 05 06 00 24 5E 12 00 00 03 F4 24 04 
17:28:30.928 <COM1: 19200 8N1> 01 10 09 70 01 F0 05 02 2F 10 01 C8 00 03 E9 EB 04 
17:28:30.959 <COM1: 19200 8N1> 01 10 01 F0 09 70 0D 02 2F 10 00 01 08 00 C8 00 16 AB F8 29 42 03 DC 88 04 
17:28:31.929 <COM1: 19200 8N1> 01 10 09 70 01 F0 05 02 2F 10 01 C8 00 03 E9 EB 04 
17:28:31.959 <COM1: 19200 8N1> 01 10 01 F0 09 70 0D 02 2F 10 00 01 08 00 C8 00 16 AB F8 29 42 03 DC 88 04 
17:28:40.866 <COM1: 19200 8N1> 01 10 09 70 01 F0 03 02 2D 10 13 03 C1 C0 04 
17:28:40.897 <COM1: 19200 8N1> 01 10 01 F0 09 70 11 02 2D 10 00 13 01 00 A2 01 41 06 FF FF 00 08 01 91 03 03 E5 3F 04 
17:28:41.178 <COM1: 19200 8N1> 01 10 09 70 01 F0 05 02 21 10 01 00 0D 03 6B AE 04 
17:28:41.264 <COM1: 19200 8N1> 01 10 01 F0 09 70 13 02 21 10 00 01 00 0D 01 00 A2 01 41 06 FF FF 00 08 01 91 03 03 1D FD 04 
17:28:41.265 <COM1: 19200 8N1> 01 10 09 70 01 F0 05 02 21 10 0F 00 01 03 89 A9 04 
17:28:41.359 <COM1: 19200 8N1> 01 10 01 F0 09 70 07 02 21 10 00 0F 00 01 19 03 03 04 04 
17:28:41.361 <COM1: 19200 8N1> 01 10 09 70 01 F0 05 02 21 10 21 00 55 03 0F 3C 04 
17:28:41.485 <COM1: 19200 8N1> 01 10 01 F0 09 70 5B 02 21 10 00 21 00 55 07 09 00 57 53 78 2D 55 4D 42 00 00 00 00 00 00 00 00 00 00 00 00 00 00 00 00 00 00 00 00 00 00 00 00 00 00 00 00 00 00 00 00 00 63 6F 6D 70 61 63 74 20 77 65 61 74 68 65 72 20 73 74 61 74 69 6F 6E 00 00 00 00 00 00 00 00 00 00 00 00 00 00 00 00 00 06 00 03 B7 40 04 
17:28:41.487 <COM1: 19200 8N1> 01 10 09 70 01 F0 05 02 21 10 84 00 01 03 F2 44 04 
17:28:41.562 <COM1: 19200 8N1> 01 10 01 F0 09 70 07 02 21 10 00 84 00 01 00 03 33 8B 04 
17:28:41.578 <COM1: 19200 8N1> 01 10 09 70 01 F0 05 02 21 10 B4 00 09 03 C0 C6 04 
17:28:41.661 <COM1: 19200 8N1> 01 10 01 F0 09 70 0F 02 21 10 00 B4 00 09 00 3C 00 02 04 00 2E 3B 3A 03 90 75 04 
17:28:41.663 <COM1: 19200 8N1> 01 10 09 70 01 F0 05 02 21 10 2C 01 B5 03 C5 04 04 
17:28:41.839 <COM1: 19200 8N1> 01 10 01 F0 09 70 BB 02 21 10 00 2C 01 B5 00 00 00 00 00 00 00 00 00 00 00 00 00 00 00 00 00 00 02 4C 75 66 66 74 5F 48 61 72 64 77 61 72 65 00 00 00 00 00 00 00 00 00 00 00 00 00 00 00 00 00 00 57 4C 41 4E 41 75 73 6E 61 68 6D 65 4B 65 79 4C 75 66 66 74 52 61 42 42 38 35 32 31 00 00 00 00 00 00 00 00 00 00 00 00 00 00 00 00 00 00 00 00 00 00 00 00 00 00 00 00 00 00 00 00 00 00 00 00 00 00 00 00 00 00 00 00 00 00 00 00 00 00 00 00 00 00 00 00 00 00 00 00 00 00 00 00 00 00 00 00 00 00 00 00 00 00 00 00 00 00 00 00 00 00 00 00 00 00 00 00 00 00 00 00 00 00 00 00 00 00 00 00 16 26 03 F1 35 04 
17:28:41.840 <COM1: 19200 8N1> 01 10 09 70 01 F0 05 02 21 10 08 03 05 03 AC 76 04 
17:28:41.923 <COM1: 19200 8N1> 01 10 01 F0 09 70 0B 02 21 10 00 08 03 05 10 0E 00 00 00 03 AE 3D 04 
17:28:41.926 <COM1: 19200 8N1> 01 10 09 70 01 F0 05 02 21 10 22 03 08 03 29 95 04 
17:28:42.009 <COM1: 19200 8N1> 01 10 01 F0 09 70 0E 02 21 10 00 22 03 08 04 52 43 42 72 2B 14 41 03 04 DD 04 
17:28:42.011 <COM1: 19200 8N1> 01 10 09 70 01 F0 05 02 21 10 8E 03 04 03 80 09 04 
17:28:42.094 <COM1: 19200 8N1> 01 10 01 F0 09 70 0A 02 21 10 00 8E 03 04 00 00 80 3F 03 35 8B 04 
17:28:42.096 <COM1: 19200 8N1> 01 10 09 70 01 F0 05 02 21 10 BD 04 04 03 BA EC 04 
17:28:42.181 <COM1: 19200 8N1> 01 10 01 F0 09 70 0A 02 21 10 00 BD 04 04 00 00 00 00 03 F3 12 04 
17:28:42.183 <COM1: 19200 8N1> 01 10 09 70 01 F0 05 02 21 10 DC 05 81 03 4D C1 04 
17:28:42.332 <COM1: 19200 8N1> 01 10 01 F0 09 70 87 02 21 10 00 DC 05 81 01 49 46 45 4C 4C 42 41 43 36 32 00 00 00 00 00 00 00 00 00 00 00 00 00 00 00 00 00 00 00 00 00 00 00 00 00 00 00 00 00 00 00 00 00 00 00 00 00 00 00 00 00 00 00 00 00 00 00 00 00 00 00 00 00 00 32 73 69 76 6B 77 6B 75 00 00 00 00 00 00 00 00 00 00 00 00 00 00 00 00 00 00 00 00 00 00 00 00 00 00 00 00 00 00 00 00 00 00 00 00 00 00 00 00 00 00 00 00 00 00 00 00 00 00 00 00 00 00 00 00 03 D6 44 04 
17:28:42.341 <COM1: 19200 8N1> 01 10 09 70 01 F0 02 02 26 10 03 C6 CF 04 
